26 , 35 , 16 , 32 , 17 , 5 , 33 , 54 , 48 , 31 , 12 , 29 
8 , 40 , 44 , 25 , 51 , 46 , 22 , 38 , 34 , 41 , 53 , 43 
26 , 34 , 31 , 53 , 33 , 36 , 24 , 40 , 17 , 52 , 12 , 25 
14 , 27 , 29 , 6 , 20 , 56 , 12 , 55 , 5 , 48 , 51 , 1 
40 , 39 , 6 , 5 , 23 , 44 , 18 , 50 , 56 , 49 , 12 , 52 
3 , 26 , 30 , 14 , 51 , 40 , 13 , 4 , 16 , 48 , 31 , 24 
44 , 34 , 40 , 11 , 20 , 30 , 4 , 35 , 26 , 24 , 7 , 8 
17 , 30 , 4 , 44 , 10 , 12 , 6 , 49 , 52 , 38 , 55 , 19 
48 , 56 , 36 , 15 , 12 , 39 , 21 , 40 , 49 , 5 , 42 , 52 
24 , 50 , 7 , 5 , 47 , 4 , 9 , 34 , 48 , 51 , 31 , 46 
7 , 40 , 31 , 13 , 25 , 55 , 1 , 53 , 18 , 29 , 44 , 35 
9 , 56 , 1 , 21 , 22 , 5 , 10 , 45 , 52 , 7 , 40 , 42 
2 , 34 , 47 , 17 , 40 , 52 , 55 , 20 , 14 , 50 , 5 , 44 
13 , 7 , 20 , 10 , 6 , 45 , 49 , 37 , 4 , 36 , 43 , 5 
39 , 42 , 27 , 16 , 30 , 34 , 50 , 19 , 22 , 56 , 49 , 10 
50 , 16 , 8 , 1 , 41 , 27 , 25 , 43 , 5 , 21 , 4 , 34 
5 , 1 , 14 , 42 , 6 , 46 , 20 , 54 , 52 , 51 , 34 , 13 
14 , 35 , 12 , 46 , 48 , 34 , 23 , 40 , 5 , 54 , 28 , 24 
34 , 8 , 39 , 14 , 54 , 5 , 25 , 37 , 19 , 51 , 12 , 28 
35 , 2 , 29 , 37 , 23 , 40 , 26 , 31 , 15 , 6 , 1 , 27 
1 , 8 , 45 , 20 , 22 , 5 , 7 , 14 , 32 , 43 , 34 , 19 
38 , 29 , 31 , 22 , 41 , 19 , 21 , 28 , 45 , 36 , 20 , 17 
20 , 49 , 7 , 54 , 18 , 38 , 11 , 14 , 40 , 5 , 19 , 26 
44 , 26 , 45 , 49 , 17 , 48 , 25 , 24 , 10 , 18 , 55 , 43 
40 , 6 , 55 , 19 , 24 , 54 , 44 , 37 , 12 , 13 , 15 , 33 
7 , 6 , 28 , 31 , 8 , 29 , 26 , 32 , 45 , 39 , 13 , 52 
41 , 4 , 51 , 30 , 28 , 32 , 34 , 48 , 16 , 53 , 29 , 2 
35 , 51 , 14 , 30 , 1 , 41 , 36 , 18 , 16 , 45 , 47 , 23 
38 , 9 , 16 , 22 , 53 , 20 , 28 , 55 , 49 , 35 , 21 , 7 
46 , 28 , 15 , 6 , 25 , 50 , 48 , 47 , 44 , 1 , 41 , 27 
27 , 3 , 47 , 55 , 6 , 24 , 45 , 19 , 22 , 16 , 52 , 21 
27 , 31 , 53 , 47 , 41 , 24 , 2 , 29 , 11 , 37 , 46 , 1 
29 , 44 , 39 , 18 , 3 , 15 , 55 , 48 , 56 , 35 , 51 , 6 
28 , 35 , 21 , 53 , 54 , 25 , 10 , 9 , 13 , 3 , 8 , 47 
51 , 44 , 6 , 28 , 5 , 18 , 41 , 13 , 56 , 22 , 40 , 33 
31 , 2 , 8 , 3 , 15 , 22 , 34 , 40 , 11 , 45 , 46 , 53 
7 , 36 , 56 , 21 , 47 , 42 , 24 , 45 , 48 , 23 , 1 , 55 
22 , 53 , 38 , 56 , 49 , 44 , 33 , 11 , 6 , 5 , 18 , 23 
35 , 53 , 30 , 4 , 11 , 49 , 41 , 56 , 25 , 54 , 46 , 23 
24 , 14 , 44 , 31 , 10 , 47 , 52 , 27 , 35 , 6 , 28 , 3 
32 , 21 , 38 , 55 , 48 , 16 , 52 , 10 , 22 , 54 , 13 , 47 
8 , 31 , 17 , 55 , 24 , 20 , 42 , 18 , 49 , 36 , 38 , 1 
6 , 10 , 1 , 26 , 23 , 42 , 53 , 21 , 15 , 37 , 41 , 39 
22 , 25 , 20 , 21 , 45 , 28 , 42 , 54 , 39 , 43 , 29 , 55 
18 , 29 , 1 , 15 , 56 , 53 , 25 , 3 , 13 , 37 , 7 , 28 
48 , 23 , 40 , 39 , 38 , 7 , 45 , 33 , 8 , 16 , 21 , 20 
14 , 36 , 7 , 40 , 20 , 28 , 45 , 19 , 2 , 33 , 24 , 18 
39 , 36 , 54 , 28 , 2 , 21 , 37 , 11 , 56 , 51 , 6 , 14 
46 , 22 , 18 , 48 , 50 , 33 , 8 , 1 , 40 , 9 , 35 , 44 
4 , 28 , 6 , 38 , 37 , 39 , 52 , 50 , 45 , 17 , 16 , 34 
44 , 41 , 10 , 34 , 4 , 42 , 32 , 17 , 47 , 56 , 7 , 38 
52 , 45 , 48 , 38 , 16 , 29 , 39 , 44 , 31 , 27 , 55 , 37 
31 , 9 , 48 , 24 , 44 , 23 , 13 , 21 , 38 , 2 , 53 , 52 
15 , 55 , 17 , 20 , 4 , 10 , 3 , 19 , 12 , 16 , 32 , 49 
55 , 7 , 45 , 30 , 42 , 4 , 3 , 35 , 50 , 20 , 44 , 43 
33 , 5 , 3 , 4 , 17 , 23 , 15 , 8 , 19 , 41 , 40 , 16 
44 , 13 , 15 , 18 , 25 , 40 , 31 , 2 , 23 , 51 , 41 , 21 
1 , 50 , 36 , 18 , 19 , 3 , 42 , 37 , 11 , 40 , 48 , 56 
1 , 10 , 38 , 47 , 50 , 11 , 39 , 55 , 22 , 48 , 29 , 4 
51 , 11 , 55 , 9 , 15 , 43 , 56 , 20 , 41 , 27 , 22 , 4 
18 , 36 , 38 , 35 , 30 , 13 , 15 , 23 , 47 , 6 , 17 , 11 
26 , 3 , 37 , 51 , 53 , 16 , 20 , 23 , 22 , 19 , 30 , 44 
34 , 47 , 44 , 33 , 12 , 46 , 1 , 32 , 18 , 28 , 39 , 24 
22 , 41 , 14 , 9 , 20 , 24 , 38 , 26 , 54 , 4 , 27 , 46 
23 , 20 , 10 , 39 , 4 , 30 , 44 , 27 , 29 , 33 , 41 , 38 
46 , 35 , 18 , 6 , 49 , 25 , 13 , 16 , 42 , 28 , 52 , 45 
28 , 44 , 40 , 49 , 10 , 4 , 3 , 34 , 39 , 25 , 12 , 5 
30 , 52 , 55 , 34 , 47 , 38 , 7 , 53 , 15 , 56 , 12 , 50 
53 , 20 , 50 , 11 , 25 , 1 , 49 , 41 , 52 , 45 , 4 , 31 
9 , 48 , 40 , 36 , 6 , 51 , 8 , 1 , 34 , 43 , 20 , 42 
27 , 9 , 43 , 29 , 42 , 51 , 35 , 39 , 28 , 33 , 1 , 38 
35 , 47 , 4 , 19 , 25 , 5 , 28 , 17 , 9 , 33 , 56 , 43 
49 , 22 , 8 , 4 , 9 , 27 , 7 , 34 , 16 , 18 , 26 , 3 
2 , 24 , 13 , 10 , 17 , 18 , 53 , 30 , 21 , 33 , 27 , 47 
56 , 15 , 40 , 7 , 33 , 43 , 10 , 46 , 25 , 8 , 1 , 5 
42 , 27 , 53 , 1 , 16 , 39 , 7 , 44 , 9 , 13 , 31 , 4 
3 , 5 , 28 , 48 , 14 , 32 , 30 , 15 , 17 , 26 , 53 , 56 
20 , 11 , 45 , 41 , 12 , 2 , 43 , 3 , 34 , 48 , 24 , 4 
16 , 9 , 50 , 40 , 35 , 23 , 15 , 18 , 32 , 39 , 43 , 12 
2 , 15 , 9 , 8 , 24 , 10 , 5 , 42 , 50 , 46 , 14 , 54 
14 , 17 , 47 , 29 , 51 , 33 , 43 , 40 , 19 , 20 , 38 , 53 
31 , 39 , 19 , 48 , 52 , 8 , 56 , 46 , 47 , 53 , 11 , 7 
39 , 5 , 20 , 45 , 56 , 21 , 42 , 10 , 28 , 7 , 37 , 19 
52 , 48 , 35 , 31 , 20 , 29 , 10 , 1 , 43 , 34 , 6 , 11 
3 , 50 , 29 , 18 , 49 , 23 , 8 , 7 , 41 , 22 , 12 , 56 
50 , 13 , 19 , 22 , 20 , 54 , 32 , 6 , 18 , 44 , 51 , 4 
46 , 3 , 32 , 15 , 19 , 45 , 29 , 24 , 44 , 36 , 27 , 53 
46 , 20 , 26 , 55 , 53 , 31 , 39 , 36 , 3 , 1 , 47 , 11 
17 , 39 , 42 , 44 , 8 , 33 , 56 , 38 , 18 , 10 , 45 , 13 
46 , 16 , 35 , 20 , 32 , 52 , 31 , 7 , 10 , 21 , 30 , 28 
10 , 27 , 8 , 32 , 2 , 28 , 3 , 52 , 5 , 9 , 17 , 13 
37 , 47 , 38 , 46 , 23 , 51 , 21 , 44 , 49 , 54 , 34 , 6 
28 , 3 , 4 , 40 , 1 , 6 , 49 , 21 , 10 , 48 , 31 , 19 
6 , 27 , 30 , 3 , 26 , 14 , 48 , 9 , 34 , 35 , 28 , 22 
18 , 45 , 52 , 28 , 35 , 8 , 38 , 54 , 41 , 32 , 25 , 21 
51 , 31 , 49 , 39 , 4 , 5 , 27 , 23 , 21 , 24 , 33 , 37 
21 , 42 , 15 , 20 , 54 , 40 , 12 , 34 , 37 , 38 , 33 , 18 
44 , 1 , 31 , 23 , 12 , 27 , 33 , 34 , 40 , 35 , 42 , 46 
48 , 22 , 13 , 32 , 46 , 14 , 11 , 31 , 5 , 30 , 16 , 17 
19 , 44 , 3 , 22 , 1 , 54 , 8 , 13 , 17 , 51 , 4 , 10 
